4.725308990478515625e+01
4.817263031005859375e+01
4.920209884643554688e+01
4.820802307128906250e+01
4.919816589355468750e+01
4.848522567749023438e+01
4.894493865966796875e+01
4.849419784545898438e+01
4.784718704223632812e+01
4.837185668945312500e+01
4.782512664794921875e+01
4.778813552856445312e+01
4.802473831176757812e+01
4.846308898925781250e+01
4.945062637329101562e+01
4.814402008056640625e+01
4.911340332031250000e+01
4.838500213623046875e+01
4.945929718017578125e+01
4.684627532958984375e+01
4.815413665771484375e+01
4.916976165771484375e+01
4.117508697509765625e+01
4.107755661010742188e+01
4.098142623901367188e+01
4.089369964599609375e+01
4.086337661743164062e+01
4.084736251831054688e+01
4.739200210571289062e+01
4.831809234619140625e+01
4.932964324951171875e+01
3.655801773071289062e+01
3.648831939697265625e+01
3.642097854614257812e+01
3.630499267578125000e+01
3.621435546875000000e+01
3.620107269287109375e+01
3.303116989135742188e+01
3.292566299438476562e+01
3.285548019409179688e+01
3.280962371826171875e+01
3.275207901000976562e+01
3.034912872314453125e+01
3.028530502319335938e+01
3.017487716674804688e+01
3.013074111938476562e+01
3.008090400695800781e+01
2.999935340881347656e+01
2.782515335083007812e+01
2.772757148742675781e+01
2.766089057922363281e+01
2.759171867370605469e+01
2.752382087707519531e+01
2.749117279052734375e+01
2.586705780029296875e+01
2.581690979003906250e+01
2.576102828979492188e+01
