4.799419021606445312e+01
4.896686553955078125e+01
4.888404464721679688e+01
4.930326080322265625e+01
4.727620315551757812e+01
4.748586654663085938e+01
4.770500946044921875e+01
4.783876800537109375e+01
4.786461639404296875e+01
4.793696212768554688e+01
2.632401847839355469e+01
2.612609863281250000e+01
2.602045631408691406e+01
4.640806579589843750e+01
4.657152938842773438e+01
4.683094406127929688e+01
4.703711318969726562e+01
4.717876434326171875e+01
4.726788711547851562e+01
2.419404220581054688e+01
2.416514396667480469e+01
2.398852157592773438e+01
2.386412811279296875e+01
2.373897171020507812e+01
2.368704795837402344e+01
4.025204086303710938e+01
4.035542297363281250e+01
4.047120285034179688e+01
4.059074783325195312e+01
4.076415634155273438e+01
4.088194656372070312e+01
2.272507095336914062e+01
2.274536705017089844e+01
2.263158607482910156e+01
2.255821228027343750e+01
2.248805427551269531e+01
2.239810562133789062e+01
3.633615493774414062e+01
3.646767425537109375e+01
3.661555862426757812e+01
3.357594299316406250e+01
3.365324401855468750e+01
3.374589920043945312e+01
2.114210891723632812e+01
2.118042945861816406e+01
2.105496025085449219e+01
2.097329521179199219e+01
2.092112350463867188e+01
2.083314514160156250e+01
3.007812118530273438e+01
3.019154930114746094e+01
3.024926757812500000e+01
3.026974487304687500e+01
3.031491088867187500e+01
3.040439414978027344e+01
1.986811637878417969e+01
1.987643051147460938e+01
1.982294082641601562e+01
1.971124839782714844e+01
1.962703895568847656e+01
2.765000534057617188e+01
2.765820121765136719e+01
2.772767066955566406e+01
2.780541992187500000e+01
2.785544586181640625e+01
2.790505599975585938e+01
1.880101776123046875e+01
1.883918762207031250e+01
1.884754943847656250e+01
1.868408203125000000e+01
1.859880256652832031e+01
1.853822135925292969e+01
2.581001091003417969e+01
2.582821655273437500e+01
2.588968086242675781e+01
2.589339828491210938e+01
2.588336563110351562e+01
2.591160202026367188e+01
1.770604324340820312e+01
1.773725891113281250e+01
1.765964698791503906e+01
1.762220573425292969e+01
1.754792594909667969e+01
1.749835395812988281e+01
2.525509452819824219e+01
2.529543304443359375e+01
2.534702682495117188e+01
2.537887001037597656e+01
2.535297012329101562e+01
1.682800292968750000e+01
1.681612586975097656e+01
1.682341384887695312e+01
1.678186035156250000e+01
1.673448562622070312e+01
1.665025520324707031e+01
2.339604187011718750e+01
2.339813804626464844e+01
2.342950820922851562e+01
2.350110626220703125e+01
2.351693725585937500e+01
2.352700424194335938e+01
1.598600101470947266e+01
1.598008728027343750e+01
1.598533153533935547e+01
1.601374053955078125e+01
1.590229606628417969e+01
1.586600208282470703e+01
2.166705131530761719e+01
2.171830940246582031e+01
2.173451614379882812e+01
2.181210136413574219e+01
2.184989738464355469e+01
2.179990768432617188e+01
1.519002342224121094e+01
1.519018459320068359e+01
1.519849777221679688e+01
1.518195152282714844e+01
1.514055538177490234e+01
1.920508384704589844e+01
1.920520210266113281e+01
1.920457077026367188e+01
1.921512603759765625e+01
1.921288299560546875e+01
1.920681953430175781e+01
1.459201526641845703e+01
1.458815383911132812e+01
1.460143661499023438e+01
1.461786460876464844e+01
1.454643058776855469e+01
1.449413871765136719e+01
1.813100242614746094e+01
1.810910224914550781e+01
1.810722351074218750e+01
1.815459442138671875e+01
1.815314674377441406e+01
1.816087532043457031e+01
1.398801136016845703e+01
1.401513767242431641e+01
1.400940036773681641e+01
1.402958488464355469e+01
1.399805641174316406e+01
1.392965984344482422e+01
1.721900749206542969e+01
1.721514320373535156e+01
1.721544647216796875e+01
1.724892807006835938e+01
1.722923278808593750e+01
1.722896003723144531e+01
1.348300933837890625e+01
1.346305465698242188e+01
1.345723724365234375e+01
1.345955181121826172e+01
1.346099948883056641e+01
1.346159172058105469e+01
1.700102233886718750e+01
1.702919197082519531e+01
1.703434181213378906e+01
1.702276039123535156e+01
1.701535797119140625e+01
1.702910995483398438e+01
1.286300182342529297e+01
1.284908962249755859e+01
1.284518051147460938e+01
1.286045265197753906e+01
1.287486171722412109e+01
1.285838985443115234e+01
1.602508735656738281e+01
1.601933097839355469e+01
1.602873992919921875e+01
1.602099990844726562e+01
1.602163696289062500e+01
1.605644226074218750e+01
1.247302246093750000e+01
1.247115898132324219e+01
1.247926998138427734e+01
1.243558979034423828e+01
1.247303867340087891e+01
1.246160507202148438e+01
1.540803909301757812e+01
1.541022872924804688e+01
1.542756462097167969e+01
1.471874523162841797e+01
1.470327949523925781e+01
1.470895767211914062e+01
1.191400909423828125e+01
1.197711277008056641e+01
1.197133827209472656e+01
1.194967555999755859e+01
1.198690128326416016e+01
1.197541332244873047e+01
1.395800685882568359e+01
1.396611595153808594e+01
1.395036602020263672e+01
1.395074272155761719e+01
1.396999835968017578e+01
1.397057819366455078e+01
1.108600234985351562e+01
1.107407283782958984e+01
1.105625438690185547e+01
1.106854629516601562e+01
1.106072902679443359e+01
1.107818412780761719e+01
1.325100517272949219e+01
1.325910949707031250e+01
1.325134086608886719e+01
1.326670742034912109e+01
1.327820777893066406e+01
1.328683853149414062e+01
1.048900222778320312e+01
1.048707675933837891e+01
1.048925399780273438e+01
1.047553634643554688e+01
1.045792293548583984e+01
1.048341178894042969e+01
1.199607372283935547e+01
1.199626636505126953e+01
1.201558017730712891e+01
1.201599979400634766e+01
1.202554893493652344e+01
9.971048355102539062e+00
9.965192794799804688e+00
9.965443611145019531e+00
9.976782798767089844e+00
9.965220451354980469e+00
9.974483489990234375e+00
1.126306724548339844e+01
1.127224349975585938e+01
1.130053520202636719e+01
1.129793071746826172e+01
1.129645061492919922e+01
9.646013259887695312e+00
9.603115081787109375e+00
9.611308097839355469e+00
9.583597183227539062e+00
9.575979232788085938e+00
9.614450454711914062e+00
1.079504776000976562e+01
1.080320167541503906e+01
1.083231735229492188e+01
1.085163021087646484e+01
1.086606311798095703e+01
1.089358806610107422e+01
9.248030662536621094e+00
9.252151489257812500e+00
9.238243103027343750e+00
9.248497962951660156e+00
9.257857322692871094e+00
9.244283676147460938e+00
1.058904457092285156e+01
1.063219833374023438e+01
1.060845279693603516e+01
1.061461257934570312e+01
1.061303234100341797e+01
1.064055633544921875e+01
8.707055091857910156e+00
8.701193809509277344e+00
8.707414627075195312e+00
8.681721687316894531e+00
8.683914184570312500e+00
9.852048873901367188e+00
9.853195190429687500e+00
9.883438110351562500e+00
9.904788970947265625e+00
9.912227630615234375e+00
8.376003265380859375e+00
8.386064529418945312e+00
8.374207496643066406e+00
8.375441551208496094e+00
8.375585556030273438e+00
8.365933418273925781e+00
9.459006309509277344e+00
9.481088638305664062e+00
9.471258163452148438e+00
9.492537498474121094e+00
9.476891517639160156e+00
9.264072418212890625e+00
8.039031982421875000e+00
8.045143127441406250e+00
8.045340538024902344e+00
8.056608200073242188e+00
8.029956817626953125e+00
8.039167404174804688e+00
8.851029396057128906e+00
8.828147888183593750e+00
8.865351676940917969e+00
8.876646041870117188e+00
8.877012252807617188e+00
7.766010761260986328e+00
7.760088443756103516e+00
7.767247676849365234e+00
7.761476516723632812e+00
7.757779598236083984e+00
7.753959655761718750e+00
8.467015266418457031e+00
8.473108291625976562e+00
8.478288650512695312e+00
8.474543571472167969e+00
8.505889892578125000e+00
7.537000656127929688e+00
7.535048007965087891e+00
7.529172420501708984e+00
7.548372745513916016e+00
7.526638031005859375e+00
7.532988071441650391e+00
8.229012489318847656e+00
8.225097656250000000e+00
8.209170341491699219e+00
8.203380584716796875e+00
8.265666961669921875e+00
8.279036521911621094e+00
7.195008754730224609e+00
7.191075325012207031e+00
7.196218013763427734e+00
7.179312705993652344e+00
7.169552326202392578e+00
7.174874305725097656e+00
7.928012371063232422e+00
7.959100723266601562e+00
7.933258533477783203e+00
7.947498321533203125e+00
7.984651565551757812e+00
7.982026100158691406e+00
6.915007114410400391e+00
6.913074016571044922e+00
6.915210723876953125e+00
6.917417526245117188e+00
6.899682044982910156e+00
6.902025699615478516e+00
7.628005027770996094e+00
7.631071090698242188e+00
7.635212898254394531e+00
7.639429569244384766e+00
7.679717540740966797e+00
7.693098068237304688e+00
6.709004878997802734e+00
6.682063102722167969e+00
6.695187091827392578e+00
6.711375236511230469e+00
6.709488868713378906e+00
6.695776939392089844e+00
7.344007968902587891e+00
7.361078739166259766e+00
7.350221157073974609e+00
7.369434356689453125e+00
7.378732681274414062e+00
7.408105850219726562e+00
6.475005149841308594e+00
6.450064659118652344e+00
6.459185600280761719e+00
6.447369098663330078e+00
6.455613136291503906e+00
6.457936286926269531e+00
6.923003673553466797e+00
6.941060543060302734e+00
6.950186729431152344e+00
6.939373493194580078e+00
6.948635578155517578e+00
6.948967933654785156e+00
6.232035160064697266e+00
6.232128143310546875e+00
6.233288764953613281e+00
6.227514266967773438e+00
6.229635715484619141e+00
6.668000698089599609e+00
6.672043323516845703e+00
6.712157726287841797e+00
6.698335170745849609e+00
6.692565441131591797e+00
6.671874046325683594e+00
6.073001384735107422e+00
6.073043823242187500e+00
6.079144954681396484e+00
6.075305938720703125e+00
6.078526496887207031e+00
6.061808109283447266e+00
6.523010730743408203e+00
6.521083354949951172e+00
6.523141384124755859e+00
6.521304130554199219e+00
6.527540206909179688e+00
6.526844501495361328e+00
5.903016567230224609e+00
5.893086910247802734e+00
5.891220569610595703e+00
5.891305446624755859e+00
5.900528907775878906e+00
5.900797367095947266e+00
6.384022712707519531e+00
6.396106719970703125e+00
6.407262325286865234e+00
6.424473285675048828e+00
6.405604839324951172e+00
6.414909362792968750e+00
5.708014488220214844e+00
5.695078849792480469e+00
5.691202640533447266e+00
5.694382190704345703e+00
5.692619800567626953e+00
5.684760570526123047e+00
6.186009883880615234e+00
6.197077751159667969e+00
6.216200828552246094e+00
6.209394931793212891e+00
6.193639278411865234e+00
5.502032756805419922e+00
5.505124568939208984e+00
5.496265411376953125e+00
5.490349769592285156e+00
5.511580467224121094e+00
5.952001094818115234e+00
5.965044498443603516e+00
5.967147350311279297e+00
5.961301803588867188e+00
5.970522403717041016e+00
5.926653385162353516e+00
5.331003189086914062e+00
5.321045398712158203e+00
5.321142673492431641e+00
5.344293117523193359e+00
5.315487861633300781e+00
5.334742546081542969e+00
5.797001361846923828e+00
5.768042087554931641e+00
5.772138118743896484e+00
5.779290676116943359e+00
5.783499240875244141e+00
5.796778678894042969e+00
5.236002445220947266e+00
5.223046302795410156e+00
5.222138404846191406e+00
5.237288951873779297e+00
5.222380161285400391e+00
5.230596542358398438e+00
5.107011795043945312e+00
5.115071296691894531e+00
5.116180896759033203e+00
5.099341392517089844e+00
5.109565258026123047e+00
4.958003997802734375e+00
4.960048675537109375e+00
4.954138278961181641e+00
4.960283279418945312e+00
4.947363853454589844e+00
4.963581562042236328e+00
4.834014892578125000e+00
4.838041305541992188e+00
4.851126194000244141e+00
4.851257801055908203e+00
4.843436241149902344e+00
4.849676609039306641e+00
4.709008693695068359e+00
4.705060958862304688e+00
4.718161106109619141e+00
4.716309070587158203e+00
4.716394424438476562e+00
4.720611572265625000e+00
