1.807000041007995605e+00
1.838000059127807617e+00
1.873000025749206543e+00
1.532999992370605469e+00
1.559999942779541016e+00
1.312999963760375977e+00
1.322999954223632812e+00
9.449999928474426270e-01
6.909999847412109375e-01
6.959999799728393555e-01
3.580000102519989014e-01
1.319999992847442627e-01
1.319999992847442627e-01
-1.759999990463256836e-01
-1.840000003576278687e-01
-4.690000116825103760e-01
-4.830000102519989014e-01
-8.090000152587890625e-01
-8.320000171661376953e-01
-1.016999959945678711e+00
-1.050999999046325684e+00
-1.077999949455261230e+00
-1.113999962806701660e+00
-1.110000014305114746e+00
-1.106999993324279785e+00
-1.105000019073486328e+00
-1.103999972343444824e+00
-1.103000044822692871e+00
-1.312999963760375977e+00
-1.342000007629394531e+00
-1.375000000000000000e+00
-1.205000042915344238e+00
-1.202999949455261230e+00
-1.200000047683715820e+00
-1.195999979972839355e+00
-1.192000031471252441e+00
-1.192000031471252441e+00
-1.266000032424926758e+00
-1.261000037193298340e+00
-1.258000016212463379e+00
-1.256000041961669922e+00
-1.253000020980834961e+00
-1.320000052452087402e+00
-1.317000031471252441e+00
-1.312000036239624023e+00
-1.309000015258789062e+00
-1.307000041007995605e+00
-1.302999973297119141e+00
-1.370000004768371582e+00
-1.365000009536743164e+00
-1.360999941825866699e+00
-1.356999993324279785e+00
-1.353000044822692871e+00
-1.350999951362609863e+00
-1.396999955177307129e+00
-1.394000053405761719e+00
-1.391000032424926758e+00
